image_width: 640
image_height: 480
camera_name: 00b09d01006b6fd7_left
camera_matrix:
  rows: 3
  cols: 3
  data: [512.233878, 0.000000, 309.388260, 0.000000, 511.861232, 248.300868, 0.000000, 0.000000, 1.000000]
distortion_model: plumb_bob
distortion_coefficients:
  rows: 1
  cols: 5
  data: [-0.348702, 0.116242, 0.000301, 0.002017, 0.000000]
rectification_matrix:
  rows: 3
  cols: 3
  data: [0.999779, -0.002305, -0.020916, 0.002255, 0.999995, -0.002396, 0.020922, 0.002348, 0.999778]
projection_matrix:
  rows: 3
  cols: 4
  data: [473.406251, 0.000000, 322.146278, 0.000000, 0.000000, 473.406251, 250.846088, 0.000000, 0.000000, 0.000000, 1.000000, 0.000000]
