image_width: 640
image_height: 480
camera_name: 00b09d01006b6fd7_right
camera_matrix:
  rows: 3
  cols: 3
  data: [514.170859, 0.000000, 318.928462, 0.000000, 514.832319, 250.978845, 0.000000, 0.000000, 1.000000]
distortion_model: plumb_bob
distortion_coefficients:
  rows: 1
  cols: 5
  data: [-0.359201, 0.149530, -0.000186, -0.001356, 0.000000]
rectification_matrix:
  rows: 3
  cols: 3
  data: [0.999982, -0.002031, -0.005629, 0.002045, 0.999995, 0.002366, 0.005625, -0.002378, 0.999981]
projection_matrix:
  rows: 3
  cols: 4
  data: [473.406251, 0.000000, 322.146278, -56.580897, 0.000000, 473.406251, 250.846088, 0.000000, 0.000000, 0.000000, 1.000000, 0.000000]
